-- MySQL dump 10.13  Distrib 8.3.0, for macos13.6 (arm64)
--
-- Host: localhost    Database: sistempenilaianesai_nextjs_3
-- ------------------------------------------------------
-- Server version	8.3.0

/*!40101 SET @OLD_CHARACTER_SET_CLIENT=@@CHARACTER_SET_CLIENT */;
/*!40101 SET @OLD_CHARACTER_SET_RESULTS=@@CHARACTER_SET_RESULTS */;
/*!40101 SET @OLD_COLLATION_CONNECTION=@@COLLATION_CONNECTION */;
/*!50503 SET NAMES utf8mb4 */;
/*!40103 SET @OLD_TIME_ZONE=@@TIME_ZONE */;
/*!40103 SET TIME_ZONE='+00:00' */;
/*!40014 SET @OLD_UNIQUE_CHECKS=@@UNIQUE_CHECKS, UNIQUE_CHECKS=0 */;
/*!40014 SET @OLD_FOREIGN_KEY_CHECKS=@@FOREIGN_KEY_CHECKS, FOREIGN_KEY_CHECKS=0 */;
/*!40101 SET @OLD_SQL_MODE=@@SQL_MODE, SQL_MODE='NO_AUTO_VALUE_ON_ZERO' */;
/*!40111 SET @OLD_SQL_NOTES=@@SQL_NOTES, SQL_NOTES=0 */;

--
-- Table structure for table `_prisma_migrations`
--

DROP TABLE IF EXISTS `_prisma_migrations`;
/*!40101 SET @saved_cs_client     = @@character_set_client */;
/*!50503 SET character_set_client = utf8mb4 */;
CREATE TABLE `_prisma_migrations` (
  `id` varchar(36) CHARACTER SET utf8mb4 COLLATE utf8mb4_unicode_ci NOT NULL,
  `checksum` varchar(64) CHARACTER SET utf8mb4 COLLATE utf8mb4_unicode_ci NOT NULL,
  `finished_at` datetime(3) DEFAULT NULL,
  `migration_name` varchar(255) CHARACTER SET utf8mb4 COLLATE utf8mb4_unicode_ci NOT NULL,
  `logs` text CHARACTER SET utf8mb4 COLLATE utf8mb4_unicode_ci,
  `rolled_back_at` datetime(3) DEFAULT NULL,
  `started_at` datetime(3) NOT NULL DEFAULT CURRENT_TIMESTAMP(3),
  `applied_steps_count` int unsigned NOT NULL DEFAULT '0',
  PRIMARY KEY (`id`)
) ENGINE=InnoDB DEFAULT CHARSET=utf8mb4 COLLATE=utf8mb4_unicode_ci;
/*!40101 SET character_set_client = @saved_cs_client */;

--
-- Dumping data for table `_prisma_migrations`
--

LOCK TABLES `_prisma_migrations` WRITE;
/*!40000 ALTER TABLE `_prisma_migrations` DISABLE KEYS */;
INSERT INTO `_prisma_migrations` VALUES ('208534c3-6aae-4d2e-ac61-93fb70050732','1cb020b7e699d4b7aebaa7b0f8036e69ce5473368b7c672537d2718b246beabf','2024-06-18 12:31:54.035','20240618123154_alter_exam_member',NULL,NULL,'2024-06-18 12:31:54.019',1),('2436703b-2b42-4a98-b8dd-cbc98bb24c68','c191d73f1cbbf5ca3656c111212d10f180c90f5b9a272173723207ffc5c22615','2024-06-14 02:25:15.812','20240614022515_first',NULL,NULL,'2024-06-14 02:25:15.708',1),('5183bf42-533e-48f7-bd8c-f77f8ad6988d','cb6ef39df6011f16983985b01f6577f6acb02986ddddd09a55b3f222c76c8509','2024-06-20 11:54:37.992','20240620115437_alter_exam_answer',NULL,NULL,'2024-06-20 11:54:37.946',1),('7cd99f8d-e9b3-4d8e-998b-63db6b61fc15','fbb04420ba1d4ccefe75f405dd153dff208a04c1cf834588d58ff44cf830ca3c','2024-06-25 16:10:12.127','20240625161012_alter_exam_answer_add_sp',NULL,NULL,'2024-06-25 16:10:12.117',1);
/*!40000 ALTER TABLE `_prisma_migrations` ENABLE KEYS */;
UNLOCK TABLES;

--
-- Table structure for table `course`
--

DROP TABLE IF EXISTS `course`;
/*!40101 SET @saved_cs_client     = @@character_set_client */;
/*!50503 SET character_set_client = utf8mb4 */;
CREATE TABLE `course` (
  `id_course` int NOT NULL AUTO_INCREMENT,
  `name` varchar(255) CHARACTER SET utf8mb4 COLLATE utf8mb4_unicode_ci NOT NULL,
  `description` varchar(255) CHARACTER SET utf8mb4 COLLATE utf8mb4_unicode_ci NOT NULL,
  `created_by` int NOT NULL DEFAULT '0',
  `created_date` datetime(3) NOT NULL DEFAULT CURRENT_TIMESTAMP(3),
  `updated_by` int NOT NULL DEFAULT '0',
  `updated_date` datetime(3) DEFAULT NULL,
  `deleted_by` int NOT NULL DEFAULT '0',
  `deleted_date` datetime(3) DEFAULT NULL,
  PRIMARY KEY (`id_course`)
) ENGINE=InnoDB AUTO_INCREMENT=2 DEFAULT CHARSET=utf8mb4 COLLATE=utf8mb4_unicode_ci;
/*!40101 SET character_set_client = @saved_cs_client */;

--
-- Dumping data for table `course`
--

LOCK TABLES `course` WRITE;
/*!40000 ALTER TABLE `course` DISABLE KEYS */;
INSERT INTO `course` VALUES (1,'Bahasa Indonesia','Bahasa Indonesia',1,'2024-06-15 06:17:40.194',0,NULL,0,NULL);
/*!40000 ALTER TABLE `course` ENABLE KEYS */;
UNLOCK TABLES;

--
-- Table structure for table `exam`
--

DROP TABLE IF EXISTS `exam`;
/*!40101 SET @saved_cs_client     = @@character_set_client */;
/*!50503 SET character_set_client = utf8mb4 */;
CREATE TABLE `exam` (
  `id_exam` int NOT NULL AUTO_INCREMENT,
  `id_course` int NOT NULL,
  `title` varchar(255) CHARACTER SET utf8mb4 COLLATE utf8mb4_unicode_ci NOT NULL,
  `description` varchar(255) CHARACTER SET utf8mb4 COLLATE utf8mb4_unicode_ci DEFAULT NULL,
  `start_date` datetime(3) NOT NULL,
  `end_date` datetime(3) NOT NULL,
  `duration` int NOT NULL,
  `created_by` int NOT NULL DEFAULT '0',
  `created_date` datetime(3) NOT NULL DEFAULT CURRENT_TIMESTAMP(3),
  `updated_by` int NOT NULL DEFAULT '0',
  `updated_date` datetime(3) DEFAULT NULL,
  `deleted_by` int NOT NULL DEFAULT '0',
  `deleted_date` datetime(3) DEFAULT NULL,
  PRIMARY KEY (`id_exam`),
  KEY `exam_id_course_fkey` (`id_course`),
  CONSTRAINT `exam_id_course_fkey` FOREIGN KEY (`id_course`) REFERENCES `course` (`id_course`) ON DELETE RESTRICT ON UPDATE CASCADE
) ENGINE=InnoDB AUTO_INCREMENT=3 DEFAULT CHARSET=utf8mb4 COLLATE=utf8mb4_unicode_ci;
/*!40101 SET character_set_client = @saved_cs_client */;

--
-- Dumping data for table `exam`
--

LOCK TABLES `exam` WRITE;
/*!40000 ALTER TABLE `exam` DISABLE KEYS */;
INSERT INTO `exam` VALUES (1,1,'UAS Bahasa Indonesia XG','Untuk kelas XG (23 siswa) yang terdiri dari 4 soal','2024-06-14 23:00:00.000','2024-06-30 16:59:00.000',90,0,'2024-06-15 06:18:14.022',0,'2024-06-18 02:13:18.832',0,NULL),(2,1,'UAS Bahasa Indonesia XH','Untuk kelas XH (28 siswa) yang terdiri dari 4 soal','2024-06-17 23:00:00.000','2024-07-31 16:59:00.000',90,0,'2024-06-18 10:37:00.773',0,'2024-07-07 10:22:07.937',0,NULL);
/*!40000 ALTER TABLE `exam` ENABLE KEYS */;
UNLOCK TABLES;

--
-- Table structure for table `exam_answer`
--

DROP TABLE IF EXISTS `exam_answer`;
/*!40101 SET @saved_cs_client     = @@character_set_client */;
/*!50503 SET character_set_client = utf8mb4 */;
CREATE TABLE `exam_answer` (
  `id_exam_answer` bigint NOT NULL AUTO_INCREMENT,
  `id_exam_question` int NOT NULL,
  `id_user` int NOT NULL,
  `answer` mediumtext CHARACTER SET utf8mb4 COLLATE utf8mb4_unicode_ci NOT NULL,
  `answer_cleaning` text CHARACTER SET utf8mb4 COLLATE utf8mb4_unicode_ci NOT NULL,
  `answer_stemming` text CHARACTER SET utf8mb4 COLLATE utf8mb4_unicode_ci NOT NULL,
  `answer_stopword` text CHARACTER SET utf8mb4 COLLATE utf8mb4_unicode_ci NOT NULL,
  `answer_ngram` text CHARACTER SET utf8mb4 COLLATE utf8mb4_unicode_ci NOT NULL,
  `answer_key` mediumtext CHARACTER SET utf8mb4 COLLATE utf8mb4_unicode_ci NOT NULL,
  `answer_key_cleaning` text CHARACTER SET utf8mb4 COLLATE utf8mb4_unicode_ci NOT NULL,
  `answer_key_stemming` text CHARACTER SET utf8mb4 COLLATE utf8mb4_unicode_ci NOT NULL,
  `answer_key_stopword` text CHARACTER SET utf8mb4 COLLATE utf8mb4_unicode_ci NOT NULL,
  `answer_key_ngram` text CHARACTER SET utf8mb4 COLLATE utf8mb4_unicode_ci NOT NULL,
  `similiariy_matrix` mediumtext COLLATE utf8mb4_unicode_ci NOT NULL,
  `max_simmatrix` text CHARACTER SET utf8mb4 COLLATE utf8mb4_unicode_ci NOT NULL,
  `created_by` int NOT NULL DEFAULT '0',
  `created_date` datetime(3) NOT NULL DEFAULT CURRENT_TIMESTAMP(3),
  `updated_by` int NOT NULL DEFAULT '0',
  `updated_date` datetime(3) DEFAULT NULL,
  `deleted_by` int NOT NULL DEFAULT '0',
  `deleted_date` datetime(3) DEFAULT NULL,
  `answer_key_sp` text COLLATE utf8mb4_unicode_ci,
  `answer_sp` text COLLATE utf8mb4_unicode_ci,
  PRIMARY KEY (`id_exam_answer`),
  KEY `exam_answer_id_exam_question_fkey` (`id_exam_question`),
  KEY `exam_answer_id_user_fkey` (`id_user`),
  CONSTRAINT `exam_answer_id_exam_question_fkey` FOREIGN KEY (`id_exam_question`) REFERENCES `exam_question` (`id_exam_question`) ON DELETE RESTRICT ON UPDATE CASCADE,
  CONSTRAINT `exam_answer_id_user_fkey` FOREIGN KEY (`id_user`) REFERENCES `user` (`id_user`) ON DELETE RESTRICT ON UPDATE CASCADE
) ENGINE=InnoDB AUTO_INCREMENT=201 DEFAULT CHARSET=utf8mb4 COLLATE=utf8mb4_unicode_ci;
/*!40101 SET character_set_client = @saved_cs_client */;

--
-- Dumping data for table `exam_answer`
--

LOCK TABLES `exam_answer` WRITE;
/*!40000 ALTER TABLE `exam_answer` DISABLE KEYS */;
INSERT INTO `exam_answer` VALUES (1,1,3,'<p class=\"ql-align-justify\">Masalah pokok dalam penelitian ini adalah belum adanya model perangkat pembelajaran Bahasa Indonesia berbasis pendekatan akselerasi untuk mahasiswa</p>','masalah | pokok | dalam | penelitian | ini | adalah | belum | adanya | model | perangkat | pembelajaran | bahasa | indonesia | berbasis | pendekatan | akselerasi | untuk | mahasiswa','masalah | pokok | dalam | teliti | ini | adalah | belum | ada | model | perangkat | ajar | bahasa | indonesia | bas | dekat | akselerasi | untuk | mahasiswa','pokok | teliti | ada | model | perangkat | ajar | bahasa | indonesia | bas | akselerasi | mahasiswa','pokoktelitiadamodelperangkat | telitiadamodelperangkatajar | adamodelperangkatajarbahasa | modelperangkatajarbahasaindonesia | perangkatajarbahasaindonesiabas | ajarbahasaindonesiabasakselerasi | bahasaindonesiabasakselerasimahasiswa','<p class=\"ql-align-justify\"><span style=\"color: rgb(0, 0, 0);\">Masalah pokok penelitian ini adalah belum adanya model perangkat pembelajaran Bahasa Indonesia yang berbasis pendekatan akselerasi bagi para mahasiswa</span></p>','masalah | pokok | penelitian | ini | adalah | belum | adanya | model | perangkat | pembelajaran | bahasa | indonesia | yang | berbasis | pendekatan | akselerasi | bagi | para | mahasiswa','masalah | pokok | teliti | ini | adalah | belum | ada | model | perangkat | ajar | bahasa | indonesia | yang | bas | dekat | akselerasi | bagi | para | mahasiswa','pokok | teliti | ada | model | perangkat | ajar | bahasa | indonesia | bas | akselerasi | mahasiswa','pokoktelitiadamodelperangkat | telitiadamodelperangkatajar | adamodelperangkatajarbahasa | modelperangkatajarbahasaindonesia | perangkatajarbahasaindonesiabas | ajarbahasaindonesiabasakselerasi | bahasaindonesiabasakselerasimahasiswa','[[0,0.32142857142857145,0.75,0.8181818181818182,0.8064516129032258,0.84375,0.7837837837837838],[0.32142857142857145,0,0.4444444444444444,0.7272727272727273,0.7741935483870968,0.78125,0.7297297297297297],[0.75,0.4444444444444444,0,0.36363636363636365,0.6451612903225806,0.75,0.6756756756756757],[0.8181818181818182,0.7272727272727273,0.36363636363636365,0,0.24242424242424243,0.8181818181818182,0.7837837837837838],[0.8064516129032258,0.7741935483870968,0.6451612903225806,0.24242424242424243,0,0.59375,0.7297297297297297],[0.84375,0.78125,0.75,0.8181818181818182,0.59375,0,0.35135135135135137],[0.7837837837837838,0.7297297297297297,0.6756756756756757,0.7837837837837838,0.7297297297297297,0.35135135135135137,0]]','[0,0,0,0,0,0,0]',3,'2024-06-15 15:26:28.453',0,'2024-06-28 14:44:22.749',0,NULL,'pokok | teliti | ada | model | perangkat | ajar | bahasa | indonesia | bas | akselerasi | mahasiswa','pokok | teliti | ada | model | perangkat | ajar | bahasa | indonesia | bas | akselerasi | mahasiswa'),(2,4,3,'<p><span style=\"color: rgb(0, 0, 0);\">Dengan peranti ICT&nbsp;canggih itu pula, mahasiswa dapat dengan mudah masuk dunia mayanya (</span><em style=\"color: rgb(0, 0, 0);\">cybernet</em><span style=\"color: rgb(0, 0, 0);\">). Dia akan gampang mencari (</span><em style=\"color: rgb(0, 0, 0);\">searching</em><span style=\"color: rgb(0, 0, 0);\">) tentang masalah apa saja. Dia juga dapat mengunduh data (</span><em style=\"color: rgb(0, 0, 0);\">downloading</em><span style=\"color: rgb(0, 0, 0);\">),&nbsp;menambah atau memasukkan data (</span><em style=\"color: rgb(0, 0, 0);\">uploading</em><span style=\"color: rgb(0, 0, 0);\">) apa saja, atau malah mencari data tentang apa pun (</span><em style=\"color: rgb(0, 0, 0);\">browsing</em><span style=\"color: rgb(0, 0, 0);\">). Dengan peranti modern, hanya berbekal laptop kecil yang beratnya kurang dari 1 atau 2 kg, semua data pembelajaran dapat disimpan dan ditampung serta ditata dengan baik dan rapi.</span></p>','dengan | peranti | ictnbspcanggih | itu | pula | mahasiswa | dapat | dengan | mudah | masuk | dunia | mayanya | cybernet | dia | akan | gampang | mencari | searching | tentang | masalah | apa | saja | dia | juga | dapat | mengunduh | data | downloadingnbspmenambah | atau | memasukkan | data | uploading | apa | saja | atau | malah | mencari | data | tentang | apa | pun | browsing | dengan | peranti | modern | hanya | berbekal | laptop | kecil | yang | beratnya | kurang | dari | 1 | atau | 2 | kg | semua | data | pembelajaran | dapat | disimpan | dan | ditampung | serta | ditata | dengan | baik | dan | rapi','dengan | peranti | ictnbspcanggih | itu | pula | mahasiswa | dapat | dengan | mudah | masuk | dunia | maya | cybernet | dia | akan | gampang | cari | searching | tentang | masalah | apa | saja | dia | juga | dapat | unduh | data | downloadingnbspmenambah | atau | masuk | data | uploading | apa | saja | atau | malah | cari | data | tentang | apa | pun | browsing | dengan | peranti | modern | hanya | bekal | laptop | kecil | yang | berat | kurang | dari | 1 | atau | 2 | kg | semua | data | ajar | dapat | simpan | dan | tampung | serta | tata | dengan | baik | dan | rapi','peranti | ictnbspcanggih | mahasiswa | mudah | masuk | dunia | maya | cybernet | gampang | cari | searching | unduh | data | downloadingnbspmenambah | masuk | data | uploading | cari | data | browsing | peranti | modern | bekal | laptop | berat | 1 | 2 | kg | data | ajar | simpan | tampung | tata | rapi','perantiictnbspcanggihmahasiswagampangmasuk | ictnbspcanggihmahasiswagampangmasukdunia | mahasiswagampangmasukduniamaya | gampangmasukduniamayacybernet | masukduniamayacybernetmudah | duniamayacybernetmudahcari | mayacybernetmudahcarisearching | cybernetmudahcarisearchingunduh | mudahcarisearchingunduhdata | carisearchingunduhdatadownloadingnbspmenambah | searchingunduhdatadownloadingnbspmenambahmasuk | unduhdatadownloadingnbspmenambahmasukdata | datadownloadingnbspmenambahmasukdatauploading | downloadingnbspmenambahmasukdatauploadingcari | masukdatauploadingcaridata | datauploadingcaridatabrowsing | uploadingcaridatabrowsingperanti | caridatabrowsingperantimodern | databrowsingperantimodernperanti | browsingperantimodernperantilaptop | perantimodernperantilaptopberat | modernperantilaptopberat1 | perantilaptopberat12 | laptopberat12kg | berat12kgdata | 12kgdataajar | 2kgdataajarsimpan | kgdataajarsimpantampung | dataajarsimpantampungtata | ajarsimpantampungtatasimpan','<p><span style=\"color: rgb(0, 0, 0);\">Dengan peranti modern, hanya berbekal laptop kecil yang beratnya kurang dari 1 atau 2 kg, semua data pembelajaran dapat disimpan dan ditampung serta ditata dengan baik dan rapi. Dia juga dapat mengunduh data (</span><em style=\"color: rgb(0, 0, 0);\">downloading</em><span style=\"color: rgb(0, 0, 0);\">),&nbsp;&nbsp;menambah atau memasukkan data (</span><em style=\"color: rgb(0, 0, 0);\">uploading</em><span style=\"color: rgb(0, 0, 0);\">) apa saja, atau malah mencari data tentang apa pun (</span><em style=\"color: rgb(0, 0, 0);\">browsing</em><span style=\"color: rgb(0, 0, 0);\">). Dengan peranti ICT&nbsp;&nbsp;canggih itu pula, mahasiswa dapat dengan mudah masuk dunia mayanya (</span><em style=\"color: rgb(0, 0, 0);\">cybernet</em><span style=\"color: rgb(0, 0, 0);\">). Dia akan gampang mencari (</span><em style=\"color: rgb(0, 0, 0);\">searching</em><span style=\"color: rgb(0, 0, 0);\">) tentang masalah apa saja</span></p>','dengan | peranti | modern | hanya | berbekal | laptop | kecil | yang | beratnya | kurang | dari | 1 | atau | 2 | kg | semua | data | pembelajaran | dapat | disimpan | dan | ditampung | serta | ditata | dengan | baik | dan | rapi | dia | juga | dapat | mengunduh | data | downloadingnbspnbspmenambah | atau | memasukkan | data | uploading | apa | saja | atau | malah | mencari | data | tentang | apa | pun | browsing | dengan | peranti | ictnbspnbspcanggih | itu | pula | mahasiswa | dapat | dengan | mudah | masuk | dunia | mayanya | cybernet | dia | akan | gampang | mencari | searching | tentang | masalah | apa | saja','dengan | peranti | modern | hanya | bekal | laptop | kecil | yang | berat | kurang | dari | 1 | atau | 2 | kg | semua | data | ajar | dapat | simpan | dan | tampung | serta | tata | dengan | baik | dan | rapi | dia | juga | dapat | unduh | data | downloadingnbspnbspmenambah | atau | masuk | data | uploading | apa | saja | atau | malah | cari | data | tentang | apa | pun | browsing | dengan | peranti | ictnbspnbspcanggih | itu | pula | mahasiswa | dapat | dengan | mudah | masuk | dunia | maya | cybernet | dia | akan | gampang | cari | searching | tentang | masalah | apa | saja','peranti | modern | bekal | laptop | berat | 1 | 2 | kg | data | ajar | simpan | tampung | tata | rapi | unduh | data | downloadingnbspnbspmenambah | masuk | data | uploading | cari | data | browsing | peranti | ictnbspnbspcanggih | mahasiswa | mudah | masuk | dunia | maya | cybernet | gampang | cari | searching','perantimodernperantilaptopberat | modernperantilaptopberat1 | perantilaptopberat12 | laptopberat12kg | berat12kgdata | 12kgdataajar | 2kgdataajarsimpan | kgdataajarsimpantampung | dataajarsimpantampungtata | ajarsimpantampungtatasimpan | simpantampungtatasimpanunduh | tampungtatasimpanunduhdata | tatasimpanunduhdatadownloadingnbspnbspmenambah | simpanunduhdatadownloadingnbspnbspmenambahmasuk | unduhdatadownloadingnbspnbspmenambahmasukdata | datadownloadingnbspnbspmenambahmasukdatauploading | downloadingnbspnbspmenambahmasukdatauploadingcari | masukdatauploadingcaridata | datauploadingcaridatabrowsing | uploadingcaridatabrowsingperanti | caridatabrowsingperantiictnbspnbspcanggih | databrowsingperantiictnbspnbspcanggihmahasiswa | browsingperantiictnbspnbspcanggihmahasiswagampang | perantiictnbspnbspcanggihmahasiswagampangmasuk | ictnbspnbspcanggihmahasiswagampangmasukdunia | mahasiswagampangmasukduniamaya | gampangmasukduniamayacybernet | masukduniamayacybernetmudah | duniamayacybernetmudahcari | mayacybernetmudahcarisearching','[[0.6904761904761905,0.85,0.8709677419354839,0.7741935483870968,0.8709677419354839,0.8064516129032258,0.9032258064516129,0.8709677419354839,0.8387096774193549,0.8,0.8043478260869565,0.8048780487804879,0.7777777777777778,0.8222222222222222,0.8387096774193549,0.8387096774193549,0.75,0.6451612903225806,0.625,0.38235294117647056,0,0.25806451612903225,0.4838709677419355,0.7741935483870968,0.7741935483870968,0.8387096774193549,0.8387096774193549,0.7419354838709677,0.7419354838709677,0.7741935483870968],[0.8333333333333334,0.85,0.8666666666666667,0.7931034482758621,0.8518518518518519,0.9230769230769231,0.7666666666666667,0.8064516129032258,0.7777777777777778,0.8,0.8478260869565217,0.8292682926829268,0.8,0.7777777777777778,0.8076923076923077,0.8620689655172413,0.75,0.7586206896551724,0.59375,0.6176470588235294,0.25806451612903225,0,0.28,0.64,0.76,0.84,0.84,0.84,0.8,0.8518518518518519],[0.7619047619047619,0.85,0.8666666666666667,0.7931034482758621,0.7777777777777778,0.8461538461538461,0.8,0.8064516129032258,0.8518518518518519,0.8,0.8043478260869565,0.8536585365853658,0.8444444444444444,0.8666666666666667,0.8076923076923077,0.8275862068965517,0.71875,0.7931034482758621,0.6875,0.6764705882352942,0.4838709677419355,0.28,0,0.45,0.7,0.85,0.85,0.8260869565217391,0.76,0.7777777777777778],[0.8809523809523809,0.925,0.9,0.896551724137931,0.8148148148148148,0.8076923076923077,0.8,0.8709677419354839,0.8888888888888888,0.8888888888888888,0.8695652173913043,0.8536585365853658,0.8444444444444444,0.8444444444444444,0.8461538461538461,0.7586206896551724,0.8125,0.7586206896551724,0.8125,0.7941176470588235,0.7741935483870968,0.64,0.45,0,0.6666666666666666,0.9333333333333333,0.8823529411764706,0.782608695652174,0.8,0.7777777777777778],[0.8333333333333334,0.875,0.8333333333333334,0.8620689655172413,0.8888888888888888,0.8076923076923077,0.8,0.8064516129032258,0.7407407407407407,0.8444444444444444,0.8478260869565217,0.8292682926829268,0.8444444444444444,0.8444444444444444,0.7307692307692307,0.7931034482758621,0.8125,0.7931034482758621,0.78125,0.7647058823529411,0.7741935483870968,0.76,0.7,0.6666666666666666,0,0.6923076923076923,0.8235294117647058,0.782608695652174,0.72,0.7407407407407407],[0.8809523809523809,0.875,0.8333333333333334,0.7931034482758621,0.8148148148148148,0.8076923076923077,0.8333333333333334,0.8387096774193549,0.8888888888888888,0.8444444444444444,0.8478260869565217,0.8536585365853658,0.8666666666666667,0.8222222222222222,0.7307692307692307,0.8275862068965517,0.8125,0.7931034482758621,0.875,0.8529411764705882,0.8387096774193549,0.84,0.85,0.9333333333333333,0.6923076923076923,0,0.4117647058823529,0.6521739130434783,0.84,0.8148148148148148],[0.7857142857142857,0.8,0.8,0.7931034482758621,0.7407407407407407,0.7692307692307693,0.8,0.7741935483870968,0.7777777777777778,0.8,0.8043478260869565,0.8048780487804879,0.8222222222222222,0.8444444444444444,0.7307692307692307,0.7931034482758621,0.6875,0.6896551724137931,0.78125,0.8235294117647058,0.8387096774193549,0.84,0.85,0.8823529411764706,0.8235294117647058,0.4117647058823529,0,0.34782608695652173,0.56,0.6296296296296297],[0.7380952380952381,0.725,0.7333333333333333,0.7931034482758621,0.8148148148148148,0.8461538461538461,0.8,0.7741935483870968,0.7407407407407407,0.8222222222222222,0.7608695652173914,0.7317073170731707,0.7555555555555555,0.8,0.8461538461538461,0.7241379310344828,0.8125,0.6206896551724138,0.65625,0.7647058823529411,0.7419354838709677,0.84,0.8260869565217391,0.782608695652174,0.782608695652174,0.6521739130434783,0.34782608695652173,0,0.24,0.5925925925925926],[0.7142857142857143,0.7,0.6333333333333333,0.7931034482758621,0.8148148148148148,0.7692307692307693,0.8,0.8387096774193549,0.6666666666666666,0.7555555555555555,0.8043478260869565,0.6829268292682927,0.6888888888888889,0.7555555555555555,0.7692307692307693,0.7586206896551724,0.75,0.7241379310344828,0.5625,0.7941176470588235,0.7419354838709677,0.8,0.76,0.8,0.72,0.84,0.56,0.24,0,0.37037037037037035],[0.6904761904761905,0.75,0.6333333333333333,0.7586206896551724,0.8148148148148148,0.8888888888888888,0.8,0.8387096774193549,0.8518518518518519,0.7333333333333333,0.7608695652173914,0.7560975609756098,0.7333333333333333,0.7333333333333333,0.7777777777777778,0.7931034482758621,0.8125,0.7241379310344828,0.75,0.7058823529411765,0.7741935483870968,0.8518518518518519,0.7777777777777778,0.7777777777777778,0.7407407407407407,0.8148148148148148,0.6296296296296297,0.5925925925925926,0.37037037037037035,0],[0.6666666666666666,0.675,0.7333333333333333,0.7241379310344828,0.7857142857142857,0.8928571428571429,0.8333333333333334,0.6774193548387096,0.8214285714285714,0.7555555555555555,0.7608695652173914,0.7804878048780488,0.7777777777777778,0.7777777777777778,0.8214285714285714,0.896551724137931,0.78125,0.8275862068965517,0.8125,0.7941176470588235,0.8064516129032258,0.8214285714285714,0.7857142857142857,0.8214285714285714,0.7857142857142857,0.8214285714285714,0.6428571428571429,0.6785714285714286,0.6785714285714286,0.32142857142857145],[0.7619047619047619,0.625,0.6666666666666666,0.7241379310344828,0.7407407407407407,0.8076923076923077,0.8666666666666667,0.7419354838709677,0.5925925925925926,0.7555555555555555,0.7608695652173914,0.7073170731707317,0.7333333333333333,0.7777777777777778,0.6538461538461539,0.8275862068965517,0.78125,0.7586206896551724,0.71875,0.7647058823529411,0.8387096774193549,0.8076923076923077,0.8076923076923077,0.8461538461538461,0.7692307692307693,0.7692307692307693,0.7307692307692307,0.7307692307692307,0.6153846153846154,0.7037037037037037],[0.8478260869565217,0.7608695652173914,0.7391304347826086,0.7391304347826086,0.717391304347826,0.8043478260869565,0.782608695652174,0.8043478260869565,0.7608695652173914,0.30434782608695654,0.391304347826087,0.5,0.782608695652174,0.8913043478260869,0.6521739130434783,0.7608695652173914,0.717391304347826,0.7391304347826086,0.7608695652173914,0.8043478260869565,0.782608695652174,0.8043478260869565,0.8043478260869565,0.8478260869565217,0.8913043478260869,0.8695652173913043,0.8260869565217391,0.8260869565217391,0.7608695652173914,0.6956521739130435],[0.7446808510638298,0.8297872340425532,0.7446808510638298,0.8085106382978723,0.723404255319149,0.7659574468085106,0.8297872340425532,0.8085106382978723,0.7659574468085106,0.40425531914893614,0.23404255319148937,0.2978723404255319,0.5957446808510638,0.7659574468085106,0.6595744680851063,0.723404255319149,0.7659574468085106,0.7446808510638298,0.7659574468085106,0.8297872340425532,0.8085106382978723,0.8085106382978723,0.8085106382978723,0.851063829787234,0.8936170212765957,0.8723404255319149,0.8297872340425532,0.7872340425531915,0.8085106382978723,0.8085106382978723],[0.7777777777777778,0.7333333333333333,0.7555555555555555,0.8222222222222222,0.7777777777777778,0.7555555555555555,0.8666666666666667,0.8,0.7333333333333333,0.5777777777777777,0.3695652173913043,0.08888888888888889,0.4,0.5777777777777777,0.6222222222222222,0.6888888888888889,0.7777777777777778,0.7111111111111111,0.7333333333333333,0.8222222222222222,0.8,0.8222222222222222,0.8444444444444444,0.8444444444444444,0.8444444444444444,0.8666666666666667,0.8222222222222222,0.7555555555555555,0.7111111111111111,0.7777777777777778],[0.7142857142857143,0.7346938775510204,0.7142857142857143,0.7959183673469388,0.8163265306122449,0.7755102040816326,0.7551020408163265,0.8367346938775511,0.7755102040816326,0.8163265306122449,0.6326530612244898,0.3673469387755102,0.08163265306122448,0.24489795918367346,0.7755102040816326,0.5918367346938775,0.7551020408163265,0.7755102040816326,0.6938775510204082,0.7755102040816326,0.7959183673469388,0.8163265306122449,0.8367346938775511,0.8367346938775511,0.8571428571428571,0.8775510204081632,0.8367346938775511,0.7755102040816326,0.7142857142857143,0.7551020408163265],[0.673469387755102,0.7346938775510204,0.7142857142857143,0.7959183673469388,0.8163265306122449,0.7346938775510204,0.7755102040816326,0.8163265306122449,0.7755102040816326,0.8571428571428571,0.7959183673469388,0.5306122448979592,0.24489795918367346,0.08163265306122448,0.6326530612244898,0.6938775510204082,0.6938775510204082,0.7959183673469388,0.7346938775510204,0.7755102040816326,0.8163265306122449,0.7959183673469388,0.8571428571428571,0.8367346938775511,0.8571428571428571,0.8367346938775511,0.8571428571428571,0.8163265306122449,0.7755102040816326,0.7551020408163265],[0.8095238095238095,0.775,0.7,0.8275862068965517,0.6666666666666666,0.8461538461538461,0.7666666666666667,0.8064516129032258,0.6296296296296297,0.6444444444444445,0.6739130434782609,0.5853658536585366,0.7555555555555555,0.6,0,0.4482758620689655,0.71875,0.6551724137931034,0.78125,0.7647058823529411,0.8387096774193549,0.8076923076923077,0.8076923076923077,0.8461538461538461,0.7307692307692307,0.7307692307692307,0.7307692307692307,0.8461538461538461,0.7692307692307693,0.7777777777777778],[0.7857142857142857,0.775,0.8666666666666667,0.8620689655172413,0.8275862068965517,0.8275862068965517,0.7333333333333333,0.8064516129032258,0.8275862068965517,0.7333333333333333,0.717391304347826,0.6585365853658537,0.5555555555555556,0.6666666666666666,0.4482758620689655,0,0.34375,0.7241379310344828,0.6875,0.8529411764705882,0.8387096774193549,0.8620689655172413,0.8275862068965517,0.7586206896551724,0.7931034482758621,0.8275862068965517,0.7931034482758621,0.7241379310344828,0.7586206896551724,0.7931034482758621],[0.7380952380952381,0.825,0.84375,0.78125,0.8125,0.78125,0.875,0.84375,0.71875,0.6666666666666666,0.6956521739130435,0.7804878048780488,0.7333333333333333,0.6666666666666666,0.71875,0.34375,0,0.46875,0.625,0.6764705882352942,0.75,0.75,0.71875,0.8125,0.8125,0.8125,0.6875,0.8125,0.75,0.8125],[0.8333333333333334,0.8536585365853658,0.8048780487804879,0.8292682926829268,0.8292682926829268,0.7560975609756098,0.7804878048780488,0.8292682926829268,0.7560975609756098,0.6888888888888889,0.782608695652174,0.7804878048780488,0.8,0.8444444444444444,0.7317073170731707,0.6585365853658537,0.6585365853658537,0.4146341463414634,0.43902439024390244,0.6341463414634146,0.6585365853658537,0.6829268292682927,0.7560975609756098,0.8048780487804879,0.8292682926829268,0.8536585365853658,0.7804878048780488,0.6829268292682927,0.7073170731707317,0.7073170731707317],[0.6086956521739131,0.7608695652173914,0.7391304347826086,0.8478260869565217,0.8260869565217391,0.8043478260869565,0.7608695652173914,0.8260869565217391,0.782608695652174,0.8260869565217391,0.8043478260869565,0.717391304347826,0.7391304347826086,0.8478260869565217,0.782608695652174,0.6956521739130435,0.717391304347826,0.6521739130434783,0.5,0.5652173913043478,0.7608695652173914,0.7391304347826086,0.782608695652174,0.8478260869565217,0.8260869565217391,0.8695652173913043,0.8478260869565217,0.7608695652173914,0.6739130434782609,0.6521739130434783],[0.3469387755102041,0.5918367346938775,0.7551020408163265,0.8163265306122449,0.8571428571428571,0.8367346938775511,0.7551020408163265,0.7959183673469388,0.8367346938775511,0.8367346938775511,0.8163265306122449,0.7551020408163265,0.7346938775510204,0.7551020408163265,0.7959183673469388,0.7551020408163265,0.7551020408163265,0.7959183673469388,0.6938775510204082,0.5714285714285714,0.7346938775510204,0.7551020408163265,0.7959183673469388,0.8775510204081632,0.8367346938775511,0.8775510204081632,0.7755102040816326,0.7551020408163265,0.8163265306122449,0.6530612244897959],[0.08695652173913043,0.34782608695652173,0.7391304347826086,0.8260869565217391,0.8260869565217391,0.8478260869565217,0.7608695652173914,0.7608695652173914,0.8260869565217391,0.8260869565217391,0.7391304347826086,0.8043478260869565,0.7608695652173914,0.717391304347826,0.8043478260869565,0.7608695652173914,0.7608695652173914,0.782608695652174,0.782608695652174,0.8043478260869565,0.6956521739130435,0.8260869565217391,0.782608695652174,0.8695652173913043,0.8478260869565217,0.8913043478260869,0.8043478260869565,0.7608695652173914,0.7391304347826086,0.6956521739130435],[0.3181818181818182,0.09090909090909091,0.5,0.75,0.7954545454545454,0.8409090909090909,0.7954545454545454,0.7045454545454546,0.75,0.8,0.8260869565217391,0.75,0.8,0.7777777777777778,0.7954545454545454,0.7727272727272727,0.7727272727272727,0.8181818181818182,0.7727272727272727,0.8181818181818182,0.8409090909090909,0.8409090909090909,0.8409090909090909,0.9090909090909091,0.8863636363636364,0.8863636363636364,0.8181818181818182,0.75,0.7272727272727273,0.7727272727272727],[0.7142857142857143,0.45,0,0.5666666666666667,0.7333333333333333,0.8333333333333334,0.8666666666666667,0.9032258064516129,0.6333333333333333,0.7777777777777778,0.7608695652173914,0.7560975609756098,0.6888888888888889,0.6888888888888889,0.7,0.8666666666666667,0.84375,0.8666666666666667,0.78125,0.7941176470588235,0.8709677419354839,0.8666666666666667,0.8666666666666667,0.9,0.8333333333333334,0.8333333333333334,0.8,0.7333333333333333,0.6333333333333333,0.6333333333333333],[0.8095238095238095,0.725,0.5666666666666667,0,0.41379310344827586,0.7241379310344828,0.8666666666666667,0.8387096774193549,0.9310344827586207,0.7777777777777778,0.8043478260869565,0.8292682926829268,0.8,0.7777777777777778,0.8275862068965517,0.8620689655172413,0.78125,0.8620689655172413,0.78125,0.8529411764705882,0.7741935483870968,0.7931034482758621,0.7931034482758621,0.896551724137931,0.8620689655172413,0.7931034482758621,0.7931034482758621,0.7931034482758621,0.7931034482758621,0.7586206896551724],[0.8333333333333334,0.8,0.7333333333333333,0.41379310344827586,0,0.3333333333333333,0.7666666666666667,0.7741935483870968,0.8148148148148148,0.7333333333333333,0.7608695652173914,0.7804878048780488,0.8,0.8,0.6666666666666666,0.8275862068965517,0.8125,0.7931034482758621,0.8125,0.8235294117647058,0.8709677419354839,0.8518518518518519,0.7777777777777778,0.8148148148148148,0.8888888888888888,0.8148148148148148,0.7407407407407407,0.8148148148148148,0.8148148148148148,0.8148148148148148],[0.8333333333333334,0.825,0.8333333333333334,0.7241379310344828,0.3333333333333333,0,0.4666666666666667,0.7419354838709677,0.7407407407407407,0.8444444444444444,0.782608695652174,0.7560975609756098,0.7777777777777778,0.7111111111111111,0.8461538461538461,0.8275862068965517,0.78125,0.7931034482758621,0.75,0.8235294117647058,0.8064516129032258,0.9230769230769231,0.8461538461538461,0.8076923076923077,0.8076923076923077,0.8076923076923077,0.7692307692307693,0.8461538461538461,0.7692307692307693,0.8888888888888888],[0.7380952380952381,0.8,0.8666666666666667,0.8666666666666667,0.7666666666666667,0.4666666666666667,0,0.2903225806451613,0.7,0.8222222222222222,0.8043478260869565,0.8780487804878049,0.7555555555555555,0.7777777777777778,0.7666666666666667,0.7333333333333333,0.875,0.8666666666666667,0.84375,0.8235294117647058,0.9032258064516129,0.7666666666666667,0.8,0.8,0.8,0.8333333333333334,0.8,0.8,0.8,0.8]]','[0,0,0,0,0,0,0,0,0,0,0.32142857142857145,0.5925925925925926,0.30434782608695654,0.23404255319148937,0.08888888888888889,0.08163265306122448,0.08163265306122448,0,0,0,0.4146341463414634,0.5,0.3469387755102041,0.08695652173913043,0.09090909090909091,0,0,0,0,0]',3,'2024-06-15 15:26:43.795',0,'2024-06-28 14:44:23.526',0,NULL,'peranti | modern | peranti | laptop | berat | 1 | 2 | kg | data | ajar | simpan | tampung | tata | simpan | unduh | data | downloadingnbspnbspmenambah | masuk | data | uploading | cari | data | browsing | peranti | ictnbspnbspcanggih | mahasiswa | gampang | masuk | dunia | maya | cybernet | mudah | cari | searching','peranti | ictnbspcanggih | mahasiswa | gampang | masuk | dunia | maya | cybernet | mudah | cari | searching | unduh | data | downloadingnbspmenambah | masuk | data | uploading | cari | data | browsing | peranti | modern | peranti | laptop | berat | 1 | 2 | kg | data | ajar | simpan | tampung | tata | simpan'),(3,5,3,'<p class=\"ql-align-justify\">Dengan peranti modern, hanya berbekal laptop kecil yang beratnya kurang dari 1 atau 2 kg, semua data pembelajaran dapat disimpan dan ditampung serta ditata dengan baik dan rapi</p>','dengan | peranti | modern | hanya | berbekal | laptop | kecil | yang | beratnya | kurang | dari | 1 | atau | 2 | kg | semua | data | pembelajaran | dapat | disimpan | dan | ditampung | serta | ditata | dengan | baik | dan | rapi','dengan | peranti | modern | hanya | bekal | laptop | kecil | yang | berat | kurang | dari | 1 | atau | 2 | kg | semua | data | ajar | dapat | simpan | dan | tampung | serta | tata | dengan | baik | dan | rapi','peranti | modern | bekal | laptop | berat | 1 | 2 | kg | data | ajar | simpan | tampung | tata | rapi','perantimodernperantilaptopberat | modernperantilaptopberat1 | perantilaptopberat12 | laptopberat12kg | berat12kgdata | 12kgdataajar | 2kgdataajarsimpan | kgdataajarsimpantampung | dataajarsimpantampungtata | ajarsimpantampungtatasimpan','<p><span style=\"color: rgb(0, 0, 0);\">Dengan peranti modern, hanya berbekal laptop kecil yang beratnya kurang dari 1 atau 2 kg, semua data pembelajaran dapat disimpan dan ditampung serta ditata dengan baik dan rapi</span></p>','dengan | peranti | modern | hanya | berbekal | laptop | kecil | yang | beratnya | kurang | dari | 1 | atau | 2 | kg | semua | data | pembelajaran | dapat | disimpan | dan | ditampung | serta | ditata | dengan | baik | dan | rapi','dengan | peranti | modern | hanya | bekal | laptop | kecil | yang | berat | kurang | dari | 1 | atau | 2 | kg | semua | data | ajar | dapat | simpan | dan | tampung | serta | tata | dengan | baik | dan | rapi','peranti | modern | bekal | laptop | berat | 1 | 2 | kg | data | ajar | simpan | tampung | tata | rapi','perantimodernperantilaptopberat | modernperantilaptopberat1 | perantilaptopberat12 | laptopberat12kg | berat12kgdata | 12kgdataajar | 2kgdataajarsimpan | kgdataajarsimpantampung | dataajarsimpantampungtata | ajarsimpantampungtatasimpan','[[0,0.25806451612903225,0.4838709677419355,0.7741935483870968,0.7741935483870968,0.8387096774193549,0.8387096774193549,0.7419354838709677,0.7419354838709677,0.7741935483870968],[0.25806451612903225,0,0.28,0.64,0.76,0.84,0.84,0.84,0.8,0.8518518518518519],[0.4838709677419355,0.28,0,0.45,0.7,0.85,0.85,0.8260869565217391,0.76,0.7777777777777778],[0.7741935483870968,0.64,0.45,0,0.6666666666666666,0.9333333333333333,0.8823529411764706,0.782608695652174,0.8,0.7777777777777778],[0.7741935483870968,0.76,0.7,0.6666666666666666,0,0.6923076923076923,0.8235294117647058,0.782608695652174,0.72,0.7407407407407407],[0.8387096774193549,0.84,0.85,0.9333333333333333,0.6923076923076923,0,0.4117647058823529,0.6521739130434783,0.84,0.8148148148148148],[0.8387096774193549,0.84,0.85,0.8823529411764706,0.8235294117647058,0.4117647058823529,0,0.34782608695652173,0.56,0.6296296296296297],[0.7419354838709677,0.84,0.8260869565217391,0.782608695652174,0.782608695652174,0.6521739130434783,0.34782608695652173,0,0.24,0.5925925925925926],[0.7419354838709677,0.8,0.76,0.8,0.72,0.84,0.56,0.24,0,0.37037037037037035],[0.7741935483870968,0.8518518518518519,0.7777777777777778,0.7777777777777778,0.7407407407407407,0.8148148148148148,0.6296296296296297,0.5925925925925926,0.37037037037037035,0]]','[0,0,0,0,0,0,0,0,0,0]',3,'2024-06-15 15:26:53.571',0,'2024-06-28 14:44:24.069',0,NULL,'peranti | modern | peranti | laptop | berat | 1 | 2 | kg | data | ajar | simpan | tampung | tata | simpan','peranti | modern | peranti | laptop | berat | 1 | 2 | kg | data | ajar | simpan | tampung | tata | simpan'),(4,6,3,'<p><span style=\"color: rgb(0, 0, 0);\">Arifin, E. Zaenal, dkk. 2008. Sintaksis. Jakarta: Grasindo.</span></p>','arifin | e | zaenal | dkk | 2008 | sintaksis | jakarta | grasindo','arifin | e | zaenal | dkk | 2008 | sintaksis | jakarta | grasindo','arifin | e | zaenal | dkk | 2008 | sintaksis | jakarta | grasindo','arifinezaenaldkk2008 | ezaenaldkk2008sintaksis | zaenaldkk2008sintaksisjakarta | dkk2008sintaksisjakartagrasindo','<p><span style=\"color: rgb(0, 0, 0);\">Arifin, E. Zaenal, dkk. 2008. Sintaksis. Jakarta: Grasindo</span></p>','arifin | e | zaenal | dkk | 2008 | sintaksis | jakarta | grasindo','arifin | e | zaenal | dkk | 2008 | sintaksis | jakarta | grasindo','arifin | e | zaenal | dkk | 2008 | sintaksis | jakarta | grasindo','arifinezaenaldkk2008 | ezaenaldkk2008sintaksis | zaenaldkk2008sintaksisjakarta | dkk2008sintaksisjakartagrasindo','[[0,0.6521739130434783,0.7931034482758621,0.8709677419354839],[0.6521739130434783,0,0.27586206896551724,0.7096774193548387],[0.7931034482758621,0.27586206896551724,0,0.45161290322580644],[0.8709677419354839,0.7096774193548387,0.45161290322580644,0]]','[0,0,0,0]',3,'2024-06-15 15:27:10.942',0,'2024-06-28 14:44:24.609',0,NULL,'arifin | e | zaenal | dkk | 2008 | sintaksis | jakarta | grasindo','arifin | e | zaenal | dkk | 2008 | sintaksis | jakarta | grasindo'),(5,1,2,'<p><span style=\"color: rgb(0, 0, 0);\">Masalah pokok penelitian ini adalah belum adannya model perangkat pembelajaran Bahasa Indonesia berbasis pendekatan akselerasi untuk mahasiswa</span></p>','masalah | pokok | penelitian | ini | adalah | belum | adannya | model | perangkat | pembelajaran | bahasa | indonesia | berbasis | pendekatan | akselerasi | untuk | mahasiswa','masalah | pokok | teliti | ini | adalah | belum | adan | model | perangkat | ajar | bahasa | indonesia | bas | dekat | akselerasi | untuk | mahasiswa','pokok | teliti | adan | model | perangkat | ajar | bahasa | indonesia | bas | akselerasi | mahasiswa','pokoktelitiadanmodelperangkat | telitiadanmodelperangkatajar | adanmodelperangkatajarbahasa | modelperangkatajarbahasaindonesia | perangkatajarbahasaindonesiabas | ajarbahasaindonesiabasakselerasi | bahasaindonesiabasakselerasimahasiswa','<p class=\"ql-align-justify\"><span style=\"color: rgb(0, 0, 0);\">Masalah pokok penelitian ini adalah belum adanya model perangkat pembelajaran Bahasa Indonesia yang berbasis pendekatan akselerasi bagi para mahasiswa</span></p>','masalah | pokok | penelitian | ini | adalah | belum | adanya | model | perangkat | pembelajaran | bahasa | indonesia | yang | berbasis | pendekatan | akselerasi | bagi | para | mahasiswa','masalah | pokok | teliti | ini | adalah | belum | ada | mod